0 262
1 ==
2 939,740
3 227,5,646
4 477
5 ==
6 82,573
7 816,908,204,976,766
8 270
9 69
10 ==
11 18,260,818
12 663,7
13 978
14 831
15 276
16 ==
17 ==
18 553,658,470,102
19 118
20 633,362
21 33
22 104,851,435
23 74,51,755,479,103
24 240,554,365
25 ==
26 89,190,375
27 2,671,399
28 219,375
29 721,738
30 ==
31 895,519
32 521
33 297
34 60,174
35 833,538,251
36 840
37 678
38 600,880,580
39 617,82,999,373,673
40 638,39
41 ==
42 976,666,938,590
43 144,373,950
44 188,869
45 328,418,610
46 596,285
47 288,551,283,343
48 104,66,331,677,222
49 481,196,305,535,25,127
50 633,246,102
51 514,596
52 417
53 57,969,814,449
54 50
55 177,35,917,195,963
56 123,62
57 86
58 ==
59 ==
60 498
61 311
62 652,423
63 72,189,317
64 ==
65 324,158
66 563,805
67 336,820,837
68 530,461,533
69 ==
70 523
71 400,971,189,253
72 242
73 466
74 457,282,766
75 576
76 793,757
77 ==
78 897,530,69
79 125
80 794
81 129,967,637,697
82 935,855
83 167,392,74,519,175,90,158
84 29
85 605
86 ==
87 ==
88 415
89 696,218
90 ==
91 876,23
92 738,63
93 385
94 917
95 81
96 ==
97 140,982,230
98 740
99 ==
100 395,750
101 801,944,644,421,15,144,979,351
102 425,90
103 196,127
104 182
105 152,256,754
106 ==
107 677
108 193,107,148
109 975
110 78
111 289,93,919
112 545
113 944,899
114 828
115 ==
116 253
117 91
118 ==
119 662,62
120 750
121 864
122 792,435,651
123 584,689,706,253
124 957,702,575
125 354,411
126 493,435,213,886,347,734
127 412,132
128 996
129 963,623
130 884,510
131 464,330
132 937
133 217
134 ==
135 374,255
136 589,551
137 130
138 440,565,981
139 ==
140 121,498
141 690,303,271
142 995
143 113
144 644,414,350,943
145 402,198
146 94
147 152,165
148 380
149 568
150 ==
151 ==
152 70
153 ==
154 250,348,493
155 82,678,735
156 720,866,950
157 403,580
158 994,940,887
159 144,49,47
160 216,393,854,358
161 705,515
162 474,525,951
163 8,699
164 368,441,458,283
165 896
166 603,263
167 828,292
168 121
169 747
170 385
171 770
172 759,661,255
173 48,241,450,561,439
174 608
175 555
176 537
177 521,931
178 ==
179 913,766
180 610,842
181 333,726
182 90
183 105,199
184 228,31
185 280,611
186 968,962,189,454
187 345,682,831,86,767
188 967
189 233,447
190 ==
191 845,63
192 ==
193 551,868,999,87
194 292,943,754,55,376,510
195 ==
196 513,966,45,974,718,376
197 885
198 685
199 923,292
200 705
201 268
202 200,632,418,260
203 496,425,611,892
204 522,492,645
205 888,124,199
206 393,133,902,473
207 902
208 991
209 ==
210 448,439
211 305,851,915,286
212 421
213 625,370
214 771,852
215 ==
216 ==
217 204
218 704,10
219 889,503
220 872,957
221 491,436
222 69
223 528,73,322,206,167
224 ==
225 345,276
226 312,217,491,436
227 81,92,861,471
228 ==
229 120,635,987,87
230 511
231 235
232 369,903
233 931,382
234 129,882,795,790
235 297,957
236 80,797
237 988
238 672,306,828
239 ==
240 274,357,246
241 521,545
242 953,594,774
243 282,907
244 761,620
245 418
246 394,156,167
247 859,442,123,197,790
248 ==
249 ==
250 458,981
251 913,545,999,649
252 556
253 421
254 448,488,803
255 795,412
256 448,41,570,969
257 256
258 851,711
259 529
260 ==
261 ==
262 ==
263 768,619,951
264 647,567
265 128,784,530,355,994
266 207
267 116,805
268 1
269 193,771,37,551,471,663,858,219
270 756,308,878
271 889
272 394
273 944,849,790,39
274 880,888
275 255
276 728,975,244,951
277 594
278 146,388,165
279 489,747,573
280 749
281 ==
282 213
283 624,777,932,686
284 ==
285 987
286 305,371,533,717
287 383
288 ==
289 394,971,357
290 684,68,894,606,151
291 ==
292 ==
293 576,595,676
294 309
295 320,198
296 871,385,807,916,705
297 947,391
298 625
299 714,994,998,55
300 ==
301 630,847
302 765,626,307,381,350,863
303 954,149,837
304 291,773
305 ==
306 336,916,759
307 ==
308 240,737,42
309 520
310 841,949,934
311 529,708
312 168,387,524
313 954,811,879
314 366
315 ==
316 504,568,688
317 ==
318 370,277,310,583
319 618,379,310
320 660
321 ==
322 192
323 122,165
324 300,575
325 266,306,861
326 720,82,211
327 714
328 809,954,45
329 612
330 518
331 8,184
332 ==
333 810,989
334 553,259,766
335 556
336 838,782
337 489
338 937,173
339 ==
340 630
341 242,227,285,343
342 ==
343 136,699,747
344 487
345 438
346 ==
347 394
348 198
349 834,471
350 489,509,869
351 752,147
352 481,130,938,729,153,874
353 629
354 323
355 129,194
356 564,455
357 ==
358 320,741
359 941,943
360 787,830
361 776,427
362 457,484
363 564
364 793,51,507
365 193,903
366 928,590
367 705,36
368 ==
369 905,924
370 161,526
371 ==
372 740,421,918,239
373 889
374 864,705,187,125,54
375 726,243,534,126
376 586,199
377 489,753,351
378 1,263
379 303
380 989
381 496
382 835,446,559
383 168,958
384 481,262,463
385 154,157
386 320,900,556
387 155
388 490
389 708,470
390 729
391 361
392 10,366
393 395
394 ==
395 943
396 995,6,774,392,433,727
397 978,511
398 594,263
399 123
400 277
401 262
402 944,561,795,814
403 587
404 692
405 ==
406 912
407 539
408 ==
409 370
410 368,980,621
411 662
412 544,822,631
413 ==
414 603,683
415 480
416 810,894,462
417 628
418 170
419 815
420 425,963,793
421 900,706,420
422 472,82,44
423 24,979,21,869
424 ==
425 ==
426 609,843,69
427 2,347
428 936,89,658,29,201
429 ==
430 105,19
431 372
432 949
433 32,60,53
434 ==
435 768
436 872,251,212,483
437 537,158,623
438 732
439 643,437,431
440 ==
441 736,345,154,609
442 434,36
443 ==
444 80,760,294,103
445 ==
446 43
447 321
448 616
449 ==
450 640,795
451 887
452 ==
453 313,987,60
454 ==
455 ==
456 161
457 850,901,327
458 920
459 ==
460 ==
461 426,499,493
462 499,884,327
463 ==
464 618,468,775
465 523,436
466 232,772,108,326
467 160,938,542
468 277
469 288,557,15
470 ==
471 115,501,821
472 ==
473 281,833
474 875,78
475 50
476 257
477 561,618,20
478 656,822,783
479 147,443
480 90
481 ==
482 531,748
483 489
484 889,709
485 761,785
486 ==
487 582,478,629
488 ==
489 924,29,950
490 567
491 736,947,628,607
492 ==
493 ==
494 104
495 ==
496 689,758,590,639
497 947,439
498 ==
499 913,107,772,701,782
500 ==
501 786,19,675,203
502 57,116
503 156,890,12,825,409
504 706,90,202,455
505 565,191
506 ==
507 ==
508 611
509 401,372
510 ==
511 ==
512 306,893,791
513 931,324,809,110,24,697
514 299,573
515 361,977
516 140
517 527
518 765
519 717
520 368,978,364,69,910
521 122,366
522 771,37,575
523 505,731
524 884
525 295
526 553,946
527 765,711
528 624,99
529 330,564,463
530 356,230
531 340,702,558,687
532 560,767,423
533 403,725
534 866,166,703
535 ==
536 610
537 ==
538 521
539 ==
540 231
541 969,771
542 608,171,695,687
543 272,568,827
544 947,963,909,534,943
545 553,780
546 322,924,598,511
547 56,533
548 219
549 864,909
550 131
551 753
552 390
553 589
554 ==
555 16,914
556 875
557 417,451,501
558 424,673,452,61,311
559 ==
560 84
561 193,587,691
562 96,638,847
563 971
564 259
565 912
566 827,631,182,287
567 ==
568 166,311
569 251,667,270
570 883,587
571 473,757
572 255
573 384,452,693,559
574 924
575 ==
576 930,691,317,862
577 344,266,555
578 117
579 552,315
580 211,726
581 0,407,455,319
582 24,249,779,448
583 827,780
584 275,134
585 432,986,44
586 167
587 592,171,364,725
588 9
589 132,277
590 732,356,485,796,31
591 ==
592 ==
593 801,675,349,607
594 304,922,157,303
595 ==
596 754,971,213
597 938,956,574
598 ==
599 610,239
600 814
601 553,619
602 ==
603 459,861,465,116,505,251,445
604 28
605 357,534
606 80,730,923,898
607 ==
608 936,205
609 784,702
610 163
611 192,14
612 ==
613 664,607
614 272,30
615 ==
616 617,565,637
617 164,295
618 ==
619 ==
620 235,908,533
621 881
622 177
623 336,474
624 408,755,460
625 448,563,444
626 ==
627 ==
628 696,138,997,366
629 810
630 859
631 741
632 175,247,111
633 494,279
634 535
635 138,899
636 288,876,188,941
637 64,978
638 176,677
639 896
640 751
641 491
642 720,428
643 405
644 33
645 301
646 713,818,415
647 704,371
648 90,646,542
649 ==
650 970,12,246
651 ==
652 ==
653 768
654 908,183
655 318
656 920
657 13,605
658 885
659 589,406
660 224,715,710
661 ==
662 171,47
663 750,86,989
664 981,390
665 ==
666 773,968,80,219,444,94,933
667 672,309
668 380
669 688,437
670 447
671 947,582
672 832,513,322,69,112,378,720
673 393,476,980,886
674 2,900
675 233,986,643
676 170,884,298
677 866,27
678 418,68,506,366
679 269
680 701,927
681 458,797
682 907,742
683 770,628,701,854
684 484,838,110
685 176
686 728
687 384
688 816,101
689 283,814,22
690 324,284,318,727
691 ==
692 472,850
693 348
694 104,379,123,841
695 707
696 392,451
697 683,375
698 873,238
699 328,471
700 305,735
701 968,777,279
702 377,362,434,454
703 648
704 422,74,975,337,850,31
705 580
706 ==
707 819
708 76,174
709 25
710 848
711 235
712 392,28
713 587
714 200,459
715 584,610,63
716 538,579
717 280,305,459,132
718 640,910
719 440
720 915
721 890
722 235,653,150
723 192
724 715,333,63
725 152
726 338,791,754,550,703
727 976
728 500
729 691
730 832,673,500,246
731 ==
732 419,781,822
733 140,623
734 384,82,562,213
735 ==
736 ==
737 330,972,390
738 793
739 904
740 611
741 393,764,511
742 333,893
743 392,441,386,547,20
744 348
745 ==
746 262
747 ==
748 105,563,375
749 41,957
750 704,806
751 189
752 760,787,460,365,653
753 168
754 168
755 ==
756 591,559
757 773
758 368,669,470
759 236,919
760 932,956,580,150
761 620,494,247
762 972,854,766
763 56,985
764 897,719
765 777
766 542,317,302,495
767 119,79
768 492
769 498,556,802
770 176,341
771 947
772 32
773 500
774 704,151
775 200,864,490,251
776 417,756,254
777 16,263
778 192,913
779 764
780 314,323
781 65,677
782 ==
783 216,344,581,965
784 680,301
785 90,922,86
786 768,816,834,971,807
787 854
788 426,499,778
789 ==
790 496,609,792
791 696,348
792 759
793 205,630
794 ==
795 414
796 649,347
797 938
798 741,575,365,223
799 301
800 794,842
801 941
802 385,522
803 916
804 530,835,468,638
805 545
806 945,482,140,853
807 852
808 854
809 25,885,926,727
810 ==
811 8,298
812 322
813 928,241,510
814 ==
815 560,762,364
816 313,959,463
817 555,858,283,581
818 934,302
819 826,148,477,741
820 344
821 209,10,835
822 352
823 925
824 441,330,451,499
825 994
826 ==
827 623,175
828 579
829 282,391
830 649,426,894,397,726
831 160,915,638,110
832 867,700,806
833 ==
834 842,123,387
835 194,379,20,822
836 681,662
837 181
838 872,617,253
839 ==
840 488,217,982
841 343,213,111
842 242,566,775
843 104,594,195,235,143
844 761,708
845 857,829
846 505,715,709
847 743
848 463
849 665,500
850 209,205,894,593
851 402,52,150
852 779,596,406,6
853 693
854 523,635,491,652
855 885,854
856 749,774
857 ==
858 746,618,267,582,518
859 355,991
860 432,596,406,143
861 846,373,686
862 163
863 763
864 398,599
865 1,546,117
866 456,681,76
867 ==
868 854
869 623
870 709,590
871 408,100
872 56,328,93,727
873 173
874 603,236,949
875 434
876 840
877 953,407
878 ==
879 31
880 193,939
881 257,444,500,780,729
882 938
883 564,507,364,902
884 823
885 376
886 ==
887 393,594
888 160,106
889 350
890 535
891 268
892 ==
893 185,427,836
894 ==
895 168,224
896 ==
897 930,299,102
898 527
899 350,214
900 584,179
901 ==
902 97,892,71
903 ==
904 747,943
905 440,49,28,29,694
906 681,292
907 265,43
908 929,667
909 525
910 308,206
911 600,76,325,909
912 913,884
913 550,302
914 539
915 738,557
916 72,156
917 242
918 706,930,110
919 193,417
920 762,11,956,23
921 59,12
922 76
923 354,498
924 168,381,870
925 953,355,316,343
926 976,924,109
927 976,553,868
928 274
929 56,248
930 328,142
931 777,538,853
932 3,814,927
933 386,842
934 771
935 115,51
936 ==
937 233,764
938 176
939 ==
940 266,119
941 805,919
942 860,182
943 323,999
944 712,779,53
945 768,625,999
946 880,44
947 424,63
948 137,537
949 751,31
950 522,35,642
951 967,412,303
952 338,370,6
953 108,389,959
954 281
955 64,200,210,729,697
956 795
957 ==
958 57
959 ==
960 49,68,492
961 963,510,855
962 365,741
963 ==
964 ==
965 368,162,611
966 450
967 225,67,534
968 8
969 110
970 ==
971 498,829
972 218
973 943
974 945,150,423
975 220,38
976 449,348,713
977 ==
978 358,518,168,810,368,340,87
979 416,474,859,666
980 ==
981 780
982 49,571,908,485
983 588,270
984 264
985 956
986 777,578,223
987 516,446,535
988 25,234,121
989 921
990 112,450,357,914,605
991 177,690
992 571
993 ==
994 635,175
995 511
996 220
997 152,448
998 404
999 720
